Natural Cubic Spline
S0 = -2.6969583898576723+-0.4855476383004006*(x--2.0)+-1.6653345369377348e-16*(x--2.0)**2 + 1.0329383061047899*(x-xi)**3
S1 = -2.825069393587126+0.010262748629898162*(x--1.6)+1.2395259673257468*(x--1.6)**2 + -0.8445848402708374*(x-xi)**3
S2 = -2.676693569140381+0.5964827991604937*(x--1.2)+0.2260241590007416*(x--1.2)**2 + -0.22218604000210349*(x-xi)**3
S3 = -2.416156490596199+0.6706528271600772*(x--0.7999999999999998)+-0.04059908900178434*(x--0.7999999999999998)**2 + -0.21341939395690965*(x-xi)**3
S4 = -2.168050055185696+0.5357322468593332*(x--0.3999999999999999)+-0.29670236175007614*(x--0.3999999999999999)**2 + 0.019211473780859224*(x-xi)**3
S5 = -2.0+0.30759186487408474*(x-0.0)+-0.2736485932130454*(x-0.0)**2 + 0.1961249666670828*(x-xi)**3
S6 = -1.90819503109776+0.1828129743038481*(x-0.40000000000000036)+-0.03829863321254631*(x-0.40000000000000036)**2 + 0.5390804277428762*(x-xi)**3
S7 = -1.8066964753146841+0.4109326730503915*(x-0.8000000000000003)+0.6085978800789043*(x-0.8000000000000003)**2 + 0.39149154093531136*(x-xi)**3
S8 = -1.519892286662043+1.0857269167624641*(x-1.2000000000000002)+1.0783877292012773*(x-1.2000000000000002)**2 + 2.149528762040854*(x-xi)**3
S9 = -0.7754896425142386+2.9802109059030957*(x-1.6)+3.6578222436503056*(x-1.6)**2 + -3.048185203041921*(x-xi)**3
